10 filtros
 n        Amax/min px/y fx/y
 5    1.0000000000    1  1 -1
     40.0000000000    1  1 -1
 5    1.0000000000    3 -1
     40.0000000000    1  1 -1
 5    1.0000000000    5
     40.0000000000    1  1 -1
 5    1.0000000000    1  1 -1
     40.0000000000    3 -1
 5    1.0000000000    1  1 -1
     40.0000000000    5
 5    1.0000000000    3 -1
     40.0000000000    3 -1
 5    1.0000000000    5 
     40.0000000000    5
 5    1.0000000000    1  1  0
     40.0000000000    1  1 -1
 5    1.0000000000    1  1 -1
     40.0000000000    1  1  0
 5    1.0000000000    1  1  0
     40.0000000000    5
